Prediction Error

7.03959
8.6077
14.1723
8.14061
8.81609
12.3752
3.47907
5.6727
5.6727
5.61396
5.44698
7.79794
5.23106
3.09288
5.22421
9.4257
6.24632
13.2666
4.72149
3.70795
5.63411
8.6918
6.48698
5.12559
10.8343
4.17006
14.8669
27.2656
8.01599
6.41508
4.95927
10.5935
11.8671
16.4715
11.1685
7.8558
3.09308
4.96274
10.0062
8.24755
7.42551
6.85465
4.00068
9.47483
8.32792
9.41797
16.0772
3.99506
10.1024
5.65815
8.70659
5.78682
7.15285
6.80166
6.46632
6.27887
5.86111
6.45749
4.70346
5.48922
7.54228
7.7176
6.5534
3.44868
5.82852
9.13601
4.31818
4.0771
6.73703
5.32411
7.08321
3.45807
4.35107
8.5987
8.0841
4.83651
6.39577
7.40066
11.5655
7.79732
7.77033
7.80381
11.8476
16.285
5.60693
11.6115
7.62008
8.29954
4.45955
7.25447
8.78388
13.1975
4.55416
5.14194
10.4339
6.66858
10.5551
7.26513
4.89186
7.5186
5.64182
6.65937
17.4102
16.9102
31.742
31.0754
30.9087
5.2361
5.86168
6.90581
8.24968
11.7445
13.4232
6.98964
7.72092
6.05425
7.88758
7.06071
11.0426
7.41142
8.22576
9.88836
5.87267
5.88343
4.67201
18.2739
6.61667
12.9827
8.20132
5.86612
7.74396
4.89026
3.20682
5.78509
4.49813
11.318
12.318
11.818
5.21474
5.4254




Average Prediction Error - 8.41415504273914




















