13.2163
13.0497
4.91532
15.3843
6.31416
8.79347
5.96122
14.7359
5.46931
12.5487
4.68576
11.2351
11.4018
5.48731
11.0333
3.36115
6.15474
5.26676
4.98976
8.22533
9.02795
3.67028
4.6564
6.09668
4.48991
3.4371
6.62682
7.06853
6.84365
3.67678
4.84487
7.25318
6.21891
17.1878
16.2038
5.04609
4.49118
6.36167
3.03991
2.06357
6.89983
5.94599
6.99448
9.33553
14.8455
5.11393
5.0103
5.70593
27.5734
13.2214
19.2723
7.28336
14.1978
9.43564
5.35266
8.2195
2.07398
11.0782
8.95826
14.0132
16.5602
8.98633
3.97516
6.45151
1.61683
2.7835
8.90591
2.01272
13.2005
24.9201
2.53133
10.9984
6.3836
17.8658
23.8824
35.7926
21.8914
5.78885
23.9774
26.2613
7.84138
19.1482
5.11392
8.43153
5.72479
12.3381
5.43901
5.9124
7.59844
3.00349
12.5462
4.09804
11.7269
16.4943
6.09862
3.39118
9.7295
6.19473
11.316
12.3489
11.14
6.28274
5.32997
2.62321
3.7347
13.9871
14.8098
8.24945
2.66656
14.7409
18.7098
9.13131
8.97793
8.22112
12.2097
7.62534
8.04427
17.6199
11.9399
6.3231
8.15844
4.19733
6.81189
5.97071
10.5138
20.3856
15.1823
21.2809
10.6018
6.53244
9.48682
20.7184
21.7809
11.1018
6.45948
5.00327
5.81027
9.13761
5.20334
8.42949
15.0614
2.12985
12.5177
6.16424
6.56947
5.15481
8.02401
16.835
7.46759
9.43971
8.77304
9.38763
11.9895
3.85729
6.37662
13.9143
4.05073
12.9502
12.6169
4.90567
5.25879
4.97711
9.20033
2.709
8.76615
7.63238
6.9858
3.96656
6.40521
6.07221
9.66302
20.2097
10.2793
11.4888
18.0712
9.73799
18.2718
36.9218
17.0583
8.49424
9.49526
4.45037
6.95569
15.775
9.10041
3.04128
4.41834
19.0201
5.25359
2.86362
10.5562
9.26942
5.97594
11.9765
9.52409
6.57272
16.1957
8.77151
9.44684
8.46741
8.31516
2.34356
8.71727
7.15455
3.8647
3.49714
3.66731
5.06963
4.7572
5.21643
10.2641
6.4022
5.8139
7.74232
2.2475
5.32478
4.18611
5.32575
5.98447
9.79067
5.56197
7.77278
5.63423
6.49438
10.3055
6.46027
1.57723
2.58276
4.61666
8.03669
7.26057
20.2504
24.8437
27.6721
6.28367
18.4488
10.9805
19.4425
4.21674
7.01462
14.1782
9.07946
9.13275
10.3534
5.72938
5.95828
6.40627
6.76625
6.11094
4.62078
5.50298
8.30269
12.2863
11.7863
19.3581
19.6587
19.492
8.41358
5.93738
10.9712
4.80162
4.77164
14.3847
6.98424
3.57541
2.90875
2.83934
6.33211
11.0304
18.1489
7.57564
10.731
6.86856
8.46609
9.69083
26.3785
6.41822
6.63568
12.3264
6.10601
6.35354
2.47607
3.43981
6.48571
4.18619
12.2347
13.2347
12.7347
4.4956
8.58378




err_avg = 9.29431016637