23.3627
19.3314
13.7519
17.5013
22.5565
10.774
21.6506
27.2646
27.9313
19.6346
23.6986
29.136
23.7355
20.2444
21.5242
16.9132
21.3687
29.3993
20.654
24.5746
18.7146
25.5811
18.4072
22.7989
21.0074
18.0438
19.2733
8.71448
19.9229
22.9238
30.5388
32.308
19.3091
17.0873
17.25
20.6574
23.7154
26.9315
17.5835
18.9015
24.647
23.562
22.9155
15.9971
26.536
21.3121
34.4983
26.1782
22.5118
23.4102
28.0662
20.1881
23.5048
24.6369
21.1868
17.8343
23.7354
25.4257
19.9972
20.6458
22.4815
31.0984
24.3438
26.2588
23.2662
18.2517
24.8315
21.8248
19.7214
29.1166
26.3278
23.165
18.2551
23.0616
16.354
25.6688
25.1632
26.2634
25.7109
27.8743
27.276
19.3728
17.9256
11.8107
19.8904
16.0371
18.373
21.1051
22.6759
20.354
19.0712
35.2747
23.9352
29.4603
26.0273
28.558
26.1989
26.7962
23.7487
21.7639
20.4737
25.6444
33.3187
32.8187
53.0291
52.3624
52.1957
29.5312
27.8681
17.1211
23.2198
31.3476
33.0797
24.3873
28.7843
27.1177
28.951
19.591
20.7179
21.08
17.2498
20.4927
24.2741
23.0187
23.3139
11.1283
28.9891
34.033
23.9958
27.0799
24.9673
27.3387
24.2359
26.907
20.5772
26.3533
26.6867
26.8533
23.4195
19.2016





err_ avg = 23.84939887637184












