8.27586
7.77586
3.52854
6.98054
3.63943
6.07608
6.48666
14.9967
1.56461
3.00847
1.64475
1.72053
1.22053
3.42275
3.59392
4.56694
3.13594
3.79221
4.02649
3.66471
6.14056
4.63041
6.36237
5.32089
5.22925
4.02389
4.15418
4.08451
1.43978
3.18031
3.42981
7.33567
8.14259
11.6386
11.2476
3.70602
7.64438
7.11457
5.04114
4.31553
6.7233
8.16405
4.262
4.55752
7.3534
6.59943
4.97615
5.97615
12.9486
4.05139
7.78771
7.19425
5.35552
3.48279
8.02111
3.62616
3.41734
12.3261
1.12181
6.75844
4.50071
3.69372
4.6158
5.09272
4.27525
4.44192
4.17173
5.37736
7.48255
19.0054
3.89463
5.32757
5.73791
6.73815
5.19046
8.77209
8.81348
6.44659
5.23151
5.60899
5.22205
9.05184
7.30789
6.79214
4.49111
6.52609
2.5484
2.65651
2.69669
2.94386
3.87852
5.56845
3.69755
2.15348
3.29818
5.89618
3.61159
3.68942
4.30685
8.94333
2.29874
6.86889
2.69173
5.37577
4.32783
2.62277
3.43776
1.63643
6.01871
11.8396
4.41019
6.76053
6.18314
3.6293
6.59818
3.76332
8.68194
9.49656
9.80891
7.80155
5.15951
5.13888
3.42125
6.55953
4.82001
2.70591
1.34412
3.29306
2.03506
2.8423
3.49311
2.71658
3.79306
1.95513
3.35378
5.18221
2.37791
4.72063
4.03807
3.83359
7.02141
2.47217
11.413
4.37235
4.90004
2.1016
6.31222
8.44711
2.29274
3.94734
4.94734
6.78417
3.95517
2.04214
9.72194
5.25895
4.31519
7.64067
7.974
3.70529
3.68496
2.83308
7.53976
4.69817
4.6968
6.96524
4.57847
8.66858
4.88338
9.61387
2.35365
3.76068
8.57377
7.40203
7.83152
3.27264
9.94041
11.5715
5.21252
6.37573
7.79575
5.58311
4.07428
6.04494
2.3409
2.85358
6.66013
3.06776
3.90325
4.56941
5.04956
5.79376
5.47752
6.4029
13.794
3.10862
7.51877
7.71312
8.96455
5.95895
9.74162
3.34462
6.82212
4.0112
3.94571
1.62164
4.16745
14.372
3.10674
3.52119
4.06709
6.36903
4.8304
9.05651
5.26138
4.4657
7.12365
2.87791
7.73539
6.47639
5.88319
4.85974
3.83772
5.30619
5.37232
4.02946
4.90898
4.86801
5.50631
8.13361
10.1275
1.08824
5.28173
3.27099
3.38685
5.32917
7.50403
7.0192
8.38774
6.47967
4.44247
6.6986
7.16148
7.6159
11.9251
10.0495
9.07604
10.1313
5.45386
1.74291
4.8961
5.81271
10.488
9.98804
22.0896
21.4229
21.2562
12.0944
7.88027
2.93494
7.69057
4.44372
9.00224
7.19399
6.48656
4.8199
6.65323
5.52706
7.74319
4.27379
2.89156
8.4973
7.22327
4.01973
5.84388
5.44448
9.51657
7.26232
6.21644
4.12001
5.60339
4.80399
2.99504
4.67814
5.32051
12.5153
12.8487
13.0153
7.24487
4.78335







err_avg = 5.87874001251