1.05177
8.35324
8.74004
4.83229
7.45959
10.1249
3.89036
4.49046
5.15713
4.49036
4.70206
4.51331
5.9599
2.61237
1.16346
6.76882
4.41985
11.8111
4.46868
3.6044
5.83978
6.82224
5.88954
2.24418
3.14806
4.04635
5.44397
16.8127
9.42055
6.0951
8.83921
7.23091
6.76402
6.96316
6.39057
2.57179
2.50864
4.62606
7.03067
4.68475
5.1736
3.89779
3.67695
8.65099
6.9548
6.32018
10.1127
6.44744
12.3829
5.72797
7.02864
5.00874
7.09428
2.09087
3.69758
4.40298
4.07639
2.20262
4.19349
3.31905
2.6807
5.37626
4.87161
2.55045
6.44901
8.678
4.63769
1.47007
8.58038
5.10014
3.86056
3.04552
3.9103
3.69777
6.51103
1.3946
5.32727
7.00549
11.6723
10.1948
5.47346
4.70947
6.89989
12.8106
4.34577
8.47457
7.22701
7.1731
2.24705
5.07358
8.31264
9.55437
3.79619
5.57735
10.5532
7.66672
9.67559
7.98727
6.41037
2.19832
2.53951
5.9992
9.31186
8.81186
31.6533
30.9866
30.82
7.14705
3.84299
7.78352
7.31162
10.9098
11.8324
5.00001
3.54588
2.57555
3.63211
6.7342
7.09131
3.34032
7.41019
7.6366
4.01568
3.98614
3.52447
13.065
8.12843
9.57574
6.51104
4.31661
9.11239
3.95715
1.83155
4.4879
2.49828
9.58655
10.5865
10.0865
2.01689
5.60421




avg_err = 6.545954177493141